document	Jsim	hash0	hash1	hash2	hash3	hash4	hash5	hash6	hash7	hash8	hash9	hash10	hash11	hash12	hash13	hash14	hash15	hash16	hash17	hash18	hash19	hash20	hash21	hash22	hash23	hash24	hash25	hash26	hash27	hash28	hash29	hash30	hash31	hash32	hash33	hash34	hash35	hash36	hash37	hash38	hash39	hash40	hash41	hash42	hash43	hash44	hash45	hash46	hash47	hash48	hash49	
lore	0	2	0	0	0	0	0	0	0	0	0	0	0	0	0	0	0	0	0	0	0	0	0	0	0	0	0	0	0	0	1	0	0	0	0	0	0	0	0	0	0	0	0	0	0	0	0	0	0	0	0	
lorechi	0.0360169	17	18	17	17	17	17	17	17	17	17	17	17	17	17	17	17	17	17	17	17	17	17	17	17	17	17	17	17	18	17	17	17	17	17	18	17	17	17	17	17	17	18	17	17	17	18	17	17	18	17	
test0.txt	1	201	201	201	201	201	201	201	201	201	201	201	201	201	201	201	201	201	201	201	201	201	201	201	201	201	201	201	201	201	201	201	201	201	201	201	201	199	201	201	201	201	201	201	201	201	201	201	201	201	201	
hp1.txt	0.000666844	12	13	12	16	13	12	12	12	12	14	14	12	14	11	12	11	14	12	17	12	13	11	13	15	12	13	14	11	12	10	11	13	15	10	10	13	15	12	12	12	10	11	10	10	11	15	10	13	15	12	
hp2.txt	0.000691922	15	13	14	16	16	15	14	16	12	15	14	18	16	16	15	14	15	13	12	12	14	13	14	17	15	15	13	15	14	14	13	17	16	15	15	13	15	17	16	16	14	14	16	19	16	16	13	17	17	18	
test1.txt	1	201	201	201	201	201	201	201	201	201	201	201	201	201	201	201	201	201	201	201	201	201	201	201	201	201	201	201	201	201	201	201	201	201	201	201	201	199	201	201	201	201	201	201	201	201	201	201	201	201	201	
test3.txt	1	201	201	201	201	201	201	201	201	201	201	201	201	201	201	201	201	201	201	201	201	201	201	201	201	201	201	201	201	201	201	201	201	201	201	201	201	199	201	201	201	201	201	201	201	201	201	201	201	201	201	
test3.txt	1	201	201	201	201	201	201	201	201	201	201	201	201	201	201	201	201	201	201	201	201	201	201	201	201	201	201	201	201	201	201	201	201	201	201	201	201	199	201	201	201	201	201	201	201	201	201	201	201	201	201	
MINSIGNATURA	201
MAXSIGNATURA	17154
maximo similitudes	1048575

Por Jaccard: 
Document lorem	shingles totales 201 jac 1
Document lore	shingles totales 295 jac 0
Document lorechi	shingles totales 288 jac 0.0360169
Document test0.txt	shingles totales 201 jac 1
Document hp1.txt	shingles totales 14805 jac 0.000666844
Document hp2.txt	shingles totales 17154 jac 0.000691922
Document test1.txt	shingles totales 201 jac 1
Document test3.txt	shingles totales 201 jac 1
Document test3.txt	shingles totales 201 jac 1
