document	Jsim	hash0	hash1	hash2	hash3	hash4	hash5	hash6	hash7	hash8	hash9	hash10	hash11	hash12	hash13	hash14	hash15	hash16	hash17	hash18	hash19	hash20	hash21	hash22	hash23	hash24	hash25	hash26	hash27	hash28	hash29	hash30	hash31	hash32	hash33	hash34	hash35	hash36	hash37	hash38	hash39	hash40	hash41	hash42	hash43	hash44	hash45	hash46	hash47	hash48	hash49	
compare2.txt	1	312	312	312	312	312	312	311	312	312	312	312	312	312	312	312	312	312	312	312	312	312	312	312	312	312	312	312	312	312	312	311	312	312	312	312	312	312	312	312	312	312	312	312	312	312	312	312	312	312	312	
compare3.txt	0.968454	307	307	307	307	307	307	306	307	307	307	307	307	307	307	307	307	307	307	307	307	307	307	307	307	307	307	307	307	307	307	306	307	307	307	307	307	307	307	307	307	307	307	307	307	307	307	307	307	307	307	
compare4.txt	0.865269	289	289	289	289	289	289	288	289	289	289	289	289	289	289	289	289	289	289	289	289	289	289	289	289	289	289	289	289	289	289	288	289	289	289	289	289	289	289	289	289	289	289	289	289	289	289	289	289	289	289	
compare5.txt	0.811047	279	279	279	279	279	279	279	279	279	279	279	279	279	279	279	279	279	279	279	279	279	279	279	279	279	279	279	279	279	279	279	279	279	279	279	279	279	279	279	279	279	279	279	279	279	279	279	279	279	279	
MINSIGNATURA	311
MAXSIGNATURA	312
maximo similitudes	1048575

Por Jaccard: 
Document compare1.txt	shingles totales 312 jac 1
Document compare2.txt	shingles totales 312 jac 1
Document compare3.txt	shingles totales 312 jac 0.968454
Document compare4.txt	shingles totales 311 jac 0.865269
Document compare5.txt	shingles totales 311 jac 0.811047
time:	12.3314
